43373
40546
39784
40409
42624
43652
46096
48551
49332
51358
52273
52989
53609
54245
54486
54872
56248
56472
56881
58342
58684
58540
58622
58805
59056
59900
60370
60917
61615
61691
61821
62419
62384
62179
62966
63309
64177
64824
65259
64909
65179
65291
65036
65104
66475
66302
66232
65859
65468
65228
65606
64932
65378
65553
66189
67398
67875
68813
69594
69992
70465
71638
71418
71627
71497
71055
70826
70123
69813
70520
69885
69686
68975
68422
68186
67529
66987
66927
66802
67058
67657
68427
69625
70304
72160
75206
76509
79785
83087
84370
87613
90249
91169
94071
100726
101090
102603
104745
105320
106987
108483
108909
110362
110872
111533
111667
112024
112105
112506
113245
113644
113297
113155
113342
112955
113392
112814
112651
112054
111745
111692
110766
110563
109673
108779
108663
107617
106954
106914
106441
106555
106514
106636
106668
107289
107172
107323
107276
107553
107181
107490
106958
106867
106264
105715
105560
105486
104990
104834
104280
103756
103553
103421
103271
102581
102558
102418
101717
101623
101265
100975
100956
100896
100522
100145
99752
99528
99563
99822
100717
100501
100454
99962
99558
99240
98994
98691
98281
98309
98017
97737
97598
97445
96825
96582
96319
95579
95369
95472
95012
94997
94826
94336
94286
94900
94612
94570
94375
94023
94111
93937
93875
93867
93819
93884
93666
93568
93385
93378
93403
93554
93600
93739
93750
93842
93898
93819
93795
93930
95880
95641
95350
95417
95276
95238
95130
95007
95048
94813
94647
94574
94218
94254
94024
93998
94023
93850
93728
93577
93544
93866
94419
94471
94698
95147
94774
94850
94736
94609
94615
94439
94460
94263
94170
94124
94077
94005
93880
93936
94011
93948
93974
93980
93987
93934
93984
93971
93919
93912
94847
94792
94685
94352
93913
93892
93586
93474
93928
94218
94880
95808
96366
97721
99003
99465
100784
101795
102175
103029
103075
103129
103159
102996
102885
102736
102191
101862
101060
100191
99897
99076
98645
98340
97961
97657
97456
97148
96759
96487
96299
96335
95952
95660
95710
95657
95525
95559
95406
95139
97795
97576
96913
96394
96016
95848
95745
95475
95017
94463
94228
93549
93158
92958
92760
92599
92528
92371
92414
92512
92524
92835
93087
93575
94223
95698
96234
96714
97015
97520
97705
97858
97950
98258
98123
98055
97962
97855
97758
97920
98045
97976
97957
97911
97647
97640
97597
97609
97463
97497
98459
98289
98326
98054
98045
97657
97342
97484
97125
96892
96824
96786
96653
96641
96751
97053
97654
97678
98346
98953
99201
100191
100865
101204
101647
101578
101646
101797
102225
102024
101883
102399
102691
102664
103125
103745
105241
107177
108037
109806
112207
113295
115514
117927
119012
121387
123641
124935
127275
129466
135284
137050
138547
138704
140855
142803
143167
144961
147425
148225
150734
153091
153627
155443
156958
157655
159020
160642
161037
162394
163410
163969
165586
166132
166223
169671
169625
169701
170695
171328
171663
172474
173053
173157
173813
174789
174704
175008
176302
176988
177883
179020
179319
180159
180992
181477
182112
182351
182796
183266
186756
186603
186849
187411
187452
188113
188240
188511
189133
189574
189787
190324
190525
190432
190815
190955
190998
191085
191168
190912
191213
191403
191098
191412
191492
190941
190934
191338
191422
191502
192128
192077
192926
193788
193996
194709
195284
195455
196043
196406
196635
197019
197326
197417
198213
198875
199298
200614
201470
202238
207073
207469
208192
209687
212046
213337
214035
214826
215826
217046
217949
218736
219656
219906
220334
220557
221072
221273
221471
221733
221750
221713
222075
222162
222420
231794
231494
231451
231280
230950
230669
231089
230920
230727
230464
230074
230192
230353
230365
230171
230139
230135
230314
230194
230121
230216
229807
229959
229848
229883
226914
227077
226869
226727
226793
226772
226701
226539
226804
226938
227073
227281
227297
227283
227858
228371
228334
228281
228406
228817
228960
229108
228927
229808
230411
236814
237199
237801
240751
241623
242397
242375
242550
242987
243600
243732
243866
244496
246176
247164
247837
248503
248656
249004
249462
249362
249638
249889
249953
250660
255230
255149
255166
255037
255122
255071
254983
254929
254920
255051
255151
255470
255706
255991
256056
256126
256238
256343
256521
256675
256881
256832
256909
256921
256804
258952
258998
258868
258926
258726
258760
258869
258906
258856
259118
258954
258899
258972
258952
258884
258819
258828
258826
258936
259014
258962
259078
259035
259086
259034
258796
258679
258740
258620
258686
258713
258727
258649
258699
258766
258822
258746
258813
258857
258926
258946
258864
258915
258905
258839
258805
258736
258847
258788
258837
259176
259247
259119
259062
259159
259195
259283
259251
259325
259334
259402
259517
259488
259557
259655
259716
260005
260075
260119
260071
259998
260185
260290
260204
260284
261329
261296
261307
261204
261259
261320
261292
261271
261295
261292
261258
261243
261321
261323
261370
261430
261603
261634
261683
261585
261758
261839
261882
261889
261876
262092
262093
262172
262329
262401
262359
262356
262376
262325
262377
262428
262420
262542
262635
262623
262652
262654
262704
262843
262876
262890
262937
262974
263015
262975
263317
263366
263461
263442
263377
263417
263385
263323
263328
263315
263322
263294
263342
263295
263314
263328
263282
263313
263298
263301
263285
263216
263175
263256
263287
262552
262588
262641
262566
262461
262460
262453
262499
262416
262355
262239
262135
262129
262063
262176
262125
262184
262334
262424
262482
262693
262795
262839
262866
262919
263552
263408
263457
263561
263608
263659
263699
263624
263687
263636
263716
263708
263806
263834
263810
263813
263861
263853
263878
263906
263886
263887
263856
263892
263895
263974
263991
264145
264045
264031
264112
264086
264074
264048
264016
264033
263992
263931
263932
263851
263836
263856
263836
263873
263882
263880
263944
263976
264002
263989
264353
264310
264277
264262
264272
264217
264231
264291
264295
264225
264229
264260
264195
264171
264177
264179
264186
264188
264265
264289
264257
264286
264287
264265
264184
264170
264143
264132
264105
264060
264099
264122
264152
264158
264145
263866
263917
263990
264006
263993
264016
264064
264074
264111
264140
264242
264256
264252
264232
264219
264205
264224
264245
264265
264239
264277
264254
264286
264321
264314
264026
263997
264057
264118
264138
264180
264163
264279
264269
264289
264325
264246
264181
264154
264112
264117
264122
264133
264118
264147
264094
264096
264121
264121
264107
263962
263943
263959
263987
264033
264018
263939
263986
263879
263895
263955
263958
263958
264000
263938
263965
263921
263891
263936
263930
263884
263825
263819
263774
263773
263724
263668
263735
263817
263781
263739
263766
263826
263910
263981
264029
264015
264038
264039
264045
263995
263980
264040
264000
264012
264049
264133
264172
264181
264151
264037
263999
263998
263960
263948
263970
263924
263892
263898
263886
263904
263911
263924
263896
263989
264004
263920
263941
263850
263852
263843
263807
263827
263781
263736
263763
263833
263885
263914
263884
263831
263961
263969
263946
263881
263892
263927
263917
263917
263960
263937
263896
263894
263855
263842
263906
263896
263928
264015
263974
264006
264003
263913
263968
264010
264038
264125
264167
264165
264248
264174
264167
264233
264251
264297
264270
264262
264248
264114
264112
264131
264143
264106
264104
264109
264110
264124
264107
264047
264079
264043
264160
264116
264029
264136
264137
264234
264230
264218
264244
264211
264114
264142
264093
264102
264090
264022
263999
263952
263949
263928
263950
263932
263957
263975
263913
263924
263877
263896
263958
263955
263954
263949
263948
263941
263965
263922
263925
263924
263914
263917
263902
263888
263867
263865
263783
263761
263741
263739
263689
263712
264041
264020
263953
263995
264001
264056
264028
263884
263935
263973
264022
263963
264009
264128
264119
264169
264240
264214
264295
264309
264258
264283
264269
264086
264073
263652
263608
263796
263764
263799
263779
263722
263700
263788
263809
263829
263821
263773
263804
263866
263853
263913
263943
264005
264045
263993
264042
264035
264059
264028
263662
263568
263550
263521
263488
263506
263513
263499
263546
263581
263663
263775
263767
263746
263778
263773
263766
263691
263657
263679
263668
263655
263672
263720
263744
264247
264273
264215
264231
264189
264139
264183
264151
264214
264232
264101
264097
264116
264178
264175
264155
264152
264079
264082
264087
264076
264138
264111
264082
264050
264107
264145
264144
264212
264205
264163
264104
264069
264092
264076
264109
264085
264068
264111
264065
263969
263925
263888
263887
263969
263938
263837
263866
263808
263783
263894
263887
263933
263935
263905
263964
264002
264025
263987
263977
264033
263995
264046
264056
263995
264056
264076
264074
264181
264188
264241
264250
264289
264292
264228
264134
264104
264141
264107
264107
264156
264119
264039
264082
264165
264176
264103
264071
264096
264132
264205
264206
264171
264135
264182
264180
264251
264194
264236
264206
263771
263839
263807
263817
263803
263798
263823
263855
263810
263890
263904
263923
263942
263881
263933
263970
264020
264026
263950
264026
263978
264015
263989
264002
263993
264117
264214
264143
264097
264108
264085
264013
264066
264042
264050
264024
264033
264027
264047
264032
263914
264004
264080
263997
263982
263982
263983
263954
263949
263949
263895
263876
263864
263903
263933
263866
263880
263874
263883
263947
263907
263977
263946
263923
263871
263961
263947
263975
263954
263909
263969
263972
264041
264031
264007
263843
263737
263847
263836
263739
263741
263753
263806
263844
263857
264011
264129
264169
264136
264181
264177
264187
264200
264263
264254
264250
264233
264267
264269
264302
264324
264322
264351
264406
264385
264446
264511
264568
264568
264490
264488
264545
264561
264585
264529
264543
264652
264755
264624
264635
264619
264568
264530
264505
264538
264327
264350
264466
264385
264558
264381
264339
264240
264080
264176
264091
264277
264252
264528
264337
264374
264454
264364
264280
264454
264595
264478
264609
264577
264638
264991
265138
265144
265177
265267
265300
265135
265258
265168
265433
265840
265873
265813
265778
265725
265973
265830
265834
265818
265791
265639
265442
265475
265527
265489
265006
265098
265382
265228
265337
265528
265652
265632
265799
265617
265798
265769
265894
265632
265605
265771
265820
266154
266380
266426
266412
266554
266452
266632
266792
267178
267558
267665
267833
268030
268359
268387
268595
268924
268896
269083
269350
269526
269564
269832
269885
270282
270314
270305
270274
270366
270404
270568
270127
270416
270538
270193
270010
269803
269614
269669
269622
269315
269377
269198
269435
269422
269283
269249
269080
269057
268779
268553
268550
268220
268281
268016
268464
268664
268964
268885
269100
269005
268854
269194
268904
268559
268450
268143
268196
268066
267964
267977
268036
268719
268867
269097
269385
269832
269952
270211
270180
270145
270033
269633
269885
269462
269135
269174
269307
269216
269451
269508
269304
269096
268891
268556
268344
268139
268026
268196
268084
268041
267820
267731
267577
267297
267422
268273
268586
268503
269189
269245
269651
269897
270062
270748
271308
271334
271324
271254
271711
271591
271867
272314
272115
272296
272109
272421
272003
272049
271990
271968
271904
271725
271114
271209
271069
271089
271030
271134
271202
271347
271586
271847
272044
272286
272331
272203
272421
272403
272238
272123
271962
271781
271602
271653
271611
271623
271401
270751
270780
271360
271363
271718
271875
272186
272527
272718
272357
272464
272254
271925
271953
271929
271908
271773
271853
271734
271116
270806
270618
269899
269577
269465
269287
269087
268820
268538
267819
267389
267225
267110
267128
267630
267359
267495
268443
268150
268368
268495
268244
268038
268720
268213
267978
267177
265873
265467
265078
263860
263998
263718
262639
261678
259952
259089
258318
257669
257289
257011
256611
256532
256250
256807
258154
258735
259468
260705
261165
260817
259674
259708
257781
257368
252318
253218
253282
253377
253924
250461
249938
249098
241390
240383
237808
235334
209104
207556
206177
205456
204311
193288
192921
191698
191259
190035
188395
187758
187357
185556
185981
185388
184335
183268
183223
186209
187485
188449
189612
190932
194294
197770
199470
201028
204806
208256
209380
210822
212301
212613
211800
211331
212023
210699
209507
209975
210183
209737
209288
208171
206289
205964
204212
203872
203645
203363
203284
204040
204852
206897
207402
209554
210845
211813
211439
211885
211805
211482
212100
203153
205960
206660
206429
205718
204867
204616
204514
204533
204357
201204
200754
199741
197797
195226
193403
192839
191157
190559
189255
187485
186154
184936
182562
180730
166447
166000
165745
164434
164931
165172
162921
162213
160459
159546
159849
158690
157748
156211
155446
153884
152475
150511
147177
143625
142368
139147
135930
134369
134398
124142
124142
123878
122099
123334
125573
128715
130049
132811
136828
138386
141715
145123
146457
150990
155072
157313
161680
167413
169093
172289
176797
168013
162138
162075
155893
159608
163526
164899
167828
168737
168947
171376
172910
172843
174519
174437
167967
169590
172095
173170
182020
189320
192506
199969
211908
214307
218655
223118
223867
225335
226344
226757
228173
228616
229412
228841
228399
228365
226827
227586
226378
225501
224007
207907
195762
191067
187410
182811
178128
175772
171576
153525
152715
152402
148400
148620
148718
146687
145733
142736
140278
141686
142110
141098
140879
137871
136077
134595
130691
128387
125275
121729
118521
116794
113446
110353
108444
107743
105118
90666
89112
87638
86708
83849
81612
79811
74550
71021
67964
62124
55545
52549
47525
44713
43572
41681
40918
40261
40925
39421
37647
34744
33370
32335
24878
23905
23836
23601
23500
23047
23026
22906
22597
22594
22844
21549
21332
21064
21104
20982
24588
27023
32162
38057
41225
48140
55786
59371
67957
78253
81475
92045
99216
108309
118738
127913
137797
149756
162617
165382
173818
181574
187488
198645
207915
213440
220632
225367
226992
230152
232696
234008
237070
238666
248683
249194
239175
238468
230558
224713
200735
189805
171073
167728
163328
156892
154377
150220
145049
143092
138891
134310
132229
127245
123519
122586
118824
113154
110860
100015
97693
96405
93208
91428
90271
87491
84312
82847
79178
72825
69330
65056
59061
56045
49975
45248
42950
37295
32339
30802
26829
25177
24642
24813
19351
19078
18702
18854
18717
18861
18748
18514
18458
18547
18471
18357
18769
19159
20850
23073
24250
27057
30139
31677
35028
38943
40765
44943
50139
57396
63340
68754
70593
81043
91403
109851
146096
190764
202037
219900
226522
236566
247424
252150
255332
259045
264632
267349
268850
269164
270042
269367
269243
269571
271359
270786
270662
271187
271411
271383
271121
272283
272406
273156
273401
273250
273157
273699
273809
273403
273181
273162
272235
270717
270348
268112
265397
264451
261089
247075
247873
248916
248762
247981
247266
247167
246519
246286
245612
244471
243773
242860
241552
239488
217369
203911
181741
167259
140916
122957
114402
110358
104081
84866
68038
64150
60271
59638
54857
50534
48179
42784
38206
37159
33840
31166
29543
27419
26078
25108
24024
22313
21319
19807
18820
18100
16927
15091
13472
13008
12417
12578
12637
12746
12648
12505
12651
12492
13088
13230
13348
13235
13132
12851
13140
13258
13009
13116
13232
12854
12583
12954
12847
12925
13468
12899
12846
12682
12572
12522
12023
11778
11285
11394
11487
11635
11560
11375
11559
11866
12070
12410
12822
13102
12879
12618
12951
13455
13685
14448
13794
13979
14180
14347
15138
15709
17198
19855
20826
24307
27342
28950
31905
34846
36387
39057
41848
42961
44452
45985
46414
47322
48693
49780
54674
55195
56364
57041
56804
57215
57684
58286
58380
58485
57348
57992
58576
59820
61265
62178
64989
65435
65992
67049
67325
66200
64706
63886
60992
61603
60967
60772
60495
60669
59297
56333
55864
54532
52962
51716
49361
46559
46352
44484
43139
42245
41365
39565
38825
37656
35491
34466
31831
29832
29135
27028
26820
26674
26530
25005
24561
23190
22258
22071
20924
19575
18718
17376
18296
18791
19584
19460
19764
19083
18660
18631
17766
17159
16945
18355
18188
17960
18076
18709
18910
19623
20114
20135
20329
20611
20944
20479
20330
20074
19604
19965
19949
19891
19857
19744
18801
18524
19490
22183
26148
27724
30580
36675
38045
40615
47062
48890
51712
65860
69121
77462
86065
89447
96582
103187
105813
110871
116045
117413
121035
122694
122485
124234
100105
84028
81367
77315
65913
58962
54564
52320
47929
41571
37873
34168
28746
27014
23999
21104
19559
16551
13488
13813
14777
15341
15343
17506
20539
21764
23985
26218
26935
27660
28307
28441
28973
29497
29493
29682
29615
30023
30349
30949
31043
31573
32105
32397
32599
33376
33489
33603
33864
33872
33987
34897
34686
33280
31627
30996
29644
27980
27149
25593
24944
23802
21106
19447
18309
16561
15128
14496
14356
15389
15776
16403
16734
16891
17170
17362
18052
18438
18518
18495
18535
18794
18789
18944
19235
19240
19254
19342
19547
19701
19782
19647
19790
19942
20186
20043
19783
20005
20338
21721
22669
23965
26230
28085
31237
34297
35164
34779
34482
34526
37143
38308
38598
44503
47418
48950
50959
52324
53284
54350
54465
56104
57099
57996
58986
59766
61288
61632
62310
62661
62885
55006
54397
54331
53544
53226
50428
49011
48228
47436
44543
43526
42049
39849
36518
35024
32749
29100
27955
25447
22419
15247
12362
8454
6038
0
4630
5454
6117
6468
6662
6924
7069
7303
7403
7430
7553
7686
7678
7753
7827
7903
7884
7941
7984
8066
12068
11842
11699
11517
11511
11419
11354
11315
11286
11316
11264
11280
11348
11334
11346
11360
11366
11388
11353
11411
11300
11334
11322
11309
11336
11597
11459
11393
11294
11414
11401
11411
11409
11390
11385
11458
11444
11485
11505
12194
13865
14959
17237
19392
20740
22723
24292
24909
25622
25979
26836
27801
29759
30912
34030
37992
39907
44111
48319
50585
57794
63081
65842
75693
83084
86685
101381
112212
117455
126592
136183
139988
143757
147317
148996
154908
153983
154617
153302
152305
150993
148566
147669
148777
147817
147298
148065
145278
145226
150008
142854
137298
136123
132281
128955
109567
103120
99556
97931
95542
71182
70757
69531
67590
68978
69022
68328
68239
66447
63439
62367
58719
56360
55182
50948
47032
44947
43542
43337
43190
42863
43183
43222
43021
42780
43325
43084
42908
43317
43339
43174
42914
42976
42580
40155
38781
38022
37760
37129
37186
37096
37293
37534
38220
39315
40985
42001
43742
45631
45049
44405
45979
46741
47562
48050
48253
48093
48358
48540
48843
49182
49378
50403
51544
52513
53524
53572
53907
54191
55210
55677
55858
56255
56785
57165
58547
58618
58950
59331
59739
60049
60571
60853
61315
61294
61607
61399
61893
61975
61596
61964
62253
62605
62872
63285
63814
64346
64824
64555
65104
65243
65456
65569
65905
65482
65763
65736
66135
66224
66378
66104
65884
65819
65782
65988
66077
66171
66365
66305
66403
66814
66892
67076
67464
67478
67713
67457
67664
67719
67596
67650
67665
67806
67675
67782
67873
68064
68238
68453
68520
68576
68474
68445
68494
68512
68460
68441
68504
68626
68493
70976
70811
70479
70220
70210
70211
70226
70046
70105
70136
70115
70045
69894
69807
69647
70588
71208
72361
73816
74264
75136
75190
75115
74636
74101
73459
72695
71770
71214
70470
69718
69497
69404
69566
69828
70007
69683
69636
69282
69232
69206
69153
69094
69261
69727
70573
71292
72368
73169
73546
75847
76034
76161
76231
76912
76764
76869
76737
76613
75980
75954
75982
75854
75846
75957
75630
75758
75856
75705
75764
75758
75980
76393
76431
76518
78230
78170
78020
78069
78097
77788
77502
77365
76942
76839
76727
76701
77030
77204
77362
77280
77077
77243
77611
77767
79244
79459
79792
80310
80165
81263
81274
80990
80899
80801
81170
81725
82427
83553
84279
85907
88068
88918
90809
92614
93647
95832
97119
97894
99987
102069
103295
107572
109743
113228
126980
129873
130590
137646
145974
149802
156432
183346
190837
196818
206872
211935
221815
232063
236967
239574
242073
243785
247084
247961
248694
250681
253239
256031
257584
267727
267905
267730
267922
268259
268767
268876
269538
269704
269784
269756
270027
270426
270985
271218
271485
271656
271732
271973
271928
271753
271627
271673
271795
272034
272156
272030
271777
271838
271805
271493
271492
271446
271229
271161
270951
270835
270794
270880
270900
270720
270652
270674
270685
270779
270792
270691
270605
270684
270663
270530
270766
270696
270708
270436
270290
269982
270087
269961
270072
270258
270315
270175
269959
269971
269864
269713
269639
269438
269308
269290
269113
269148
269087
268822
268038
268113
268151
268002
267932
267425
267356
267346
267402
267611
267651
267592
267609
267561
267276
267369
267349
267196
267199
267265
267166
267185
267094
267029
267082
267183
266808
266868
266913
266991
266952
266987
266823
266794
266727
266612
266453
266299
266286
266247
266287
266393
266451
266398
266628
266777
266683
266704
266647
266611
266584
266534
266462
266626
266682
266702
266443
266180
266151
266063
265843
266004
266110
266141
266134
266080
266007
265965
266021
266012
265904
265823
265709
265606
265400
265121
265056
264806
264663
264533
264402
264296
264259
264334
264309
264259
264079
263927
263795
263758
263698
263711
263725
263654
263667
263656
263580
263569
263579
263600
264092
264028
263910
263888
263939
263847
263895
263943
263819
263794
263822
263854
263837
263767
263795
263704
263665
263701
263684
263626
263483
263351
263247
263253
263227
263297
263222
263206
263106
263086
262959
262923
262948
262862
262882
262927
262976
263006
262984
263052
263018
263007
262958
262951
262941
262895
262911
262912
262882
262856
262574
262546
262526
262565
262634
262512
262522
262561
262531
262584
262588
262526
262591
262586
262612
262565
262538
262589
262504
262509
262532
262490
262450
262449
262366
262695
262711
262823
262836
262877
262918
262839
262851
262862
262896
262817
262746
262832
262780
262807
262785
262802
262773
262806
262775
262711
262708
262732
262701
262717
262687
262618
262561
262572
262655
262596
262686
262757
262791
262814
262801
262734
262753
262755
262763
262767
262828
262838
262781
262783
262874
262864
262865
262856
262785
262895
262903
262845
262984
262909
262885
262848
262825
262840
262901
262847
262880
262802
262827
262732
262794
262758
262769
262764
262735
262766
262744
262698
262739
262761
262856
262662
262671
262718
262615
262548
262606
262659
262745
262718
262765
262755
262729
262656
262685
262706
262648
262678
262689
262742
262703
262701
262710
262657
262628
262513
262411
262552
262591
262495
262478
262409
262444
262385
262317
262183
262128
261968
261832
261805
261615
261734
261695
262017
262049
262024
262094
262087
262041
262135
262367
262373
262431
262363
262356
262398
262428
262483
262498
262608
262648
262625
262682
262707
262794
262834
262926
262971
262977
262990
262975
262813
262802
262777
262822
262716
262700
262623
262657
262671
262661
262624
262719
262734
262761
262776
262801
262782
262721
262639
262581
262555
262546
262521
262506
262532
262569
262565
262540
262567
262368
262360
262340
262327
262225
262233
262217
262229
262249
262255
262258
262226
262290
262346
262339
262252
262256
262275
262283
262274
262291
262308
262367
262330
262356
263300
263303
263280
263283
263249
263268
263222
263214
263147
263153
263166
263214
263318
263335
263242
263177
263141
263171
263164
263200
263241
263284
263257
263259
263212
263006
262977
263007
263034
263071
263037
263001
263062
263085
263169
263132
263159
263148
263140
263141
263115
263091
263111
263143
263104
263133
263157
263128
263168
263171
263281
263274
263203
263209
263194
263186
263187
263152
263162
263149
263170
263060
263119
263085
263126
263201
263249
263197
263208
263240
263277
263271
263268
263232
263245
263460
263456
263466
263518
263512
263453
263418
263432
263441
263435
263433
263445
263421
263414
263407
263373
263423
263457
263440
263407
263394
263403
263421
263426
263447
263651
263576
263543
263541
263560
263494
263507
263540
263464
263475
263420
263459
263436
263449
263384
263341
263331
263335
263296
263231
263290
263244
263197
263227
263246
262998
262999
263027
262954
262860
262904
262882
262913
262895
262765
262844
262859
262915
262937
262970
262942
262901
262922
262955
263031
262982
262958
262928
262955
262942
262974
262953
262971
262974
263005
262984
262959
262944
262984
263178
263211
263139
263171
263186
263185
263223
263267
263247
263228
263276
263352
263437
263451
263431
263414
263335
263314
263321
263343
263350
263313
263279
263277
263241
262951
262955
262945
262913
262856
262872
262832
262836
262894
262901
262872
262867
262870
262842
262837
262941
263103
263096
263140
263011
262970
262874
262857
262825
262802
263083
263062
263080
263150
263073
262955
262896
262919
262958
262979
263021
263113
263057
263046
263052
263029
262986
262982
263021
263022
263058
263073
263090
263046
263076
263116
263145
263155
263150
263140
263113
263131
263075
263073
263042
263042
263058
262985
263013
262993
262944
262932
262955
262910
262942
262960
262954
262978
262927
262937
262781
262722
262827
262784
262813
262802
262828
262754
262848
262937
263034
262997
262959
263054
263100
263109
263028
263043
262988
263094
263122
263085
263086
263085
263159
262979
262961
263002
262988
263064
263139
263104
263097
263011
262986
263018
262982
263021
262953
262887
262847
262831
262820
262912
262913
262875
262905
262897
262877
262756
263105
263030
263098
263126
263154
263124
263067
263097
263093
263071
263083
262961
262936
262994
263052
263050
263017
262958
262911
262955
262880
262862
262742
262594
262450
262634
262892
262910
262966
262995
262922
262862
262907
262928
263000
263037
263062
263044
263010
263014
263089
263043
263028
263095
263037
263037
263058
263058
263050
263013
263046
263062
262998
262957
262942
262888
262895
262870
262839
262839
262890
262886
262786
262754
262667
262747
262832
262751
262742
262776
262722
262690
262744
262813
262691
263552
263460
263372
263349
263397
263416
263416
263463
263476
263449
263437
263420
263465
263492
263517
263588
263608
263641
263702
263687
263701
263753
263795
263823
263859
263522
263555
263599
263626
263647
263783
263781
263776
263828
263796
263761
263766
263812
263680
263553
263608
263562
263565
263567
263566
263554
263531
263501
263522
263527
263848
263884
263887
263902
263936
263931
263864
263798
263872
263871
263837
263873
263863
263813
263798
263772
263767
263696
263671
263652
263706
263710
263744
263756
263693
263612
263585
263715
263764
263731
263746
263802
263787
263766
263785
263687
263797
263745
263747
263730
263728
263817
263766
263681
263644
263653
263630
263613
263612
263648
264190
264152
264189
264056
264078
263999
264008
263998
263991
263962
264016
263992
264018
263984
263930
263888
263928
263909
263911
263812
263881
263865
263868
263888
263861
263891
263768
263783
263702
263736
263722
263713
263734
263756
263681
263686
263771
263760
263804
263813
263775
263794
263791
263790
263777
263790
263817
263799
263801
263789
263862
263853
263835
263845
263813
263828
263857
263807
263843
263783
263771
263711
263778
263459
263772
263636
263686
263686
263614
263702
263673
263717
263751
263790
263835
263872
263958
263982
263966
263931
263919
263938
263965
263936
263981
263937
263892
263897
263871
263887
263866
263890
263921
263905
263883
263817
263861
263851
263836
263846
263931
264004
264020
264120
264110
264034
264058
264035
264071
264101
264076
264089
264077
264119
264094
264084
264077
264071
264085
264027
264042
264044
264055
264009
263983
263562
263522
263687
263654
263549
263599
263568
263542
263566
263515
263497
263538
263532
263587
263540
263515
263512
263553
263509
263547
263521
263539
263557
263641
263636
263523
263463
263459
263463
263398
263363
263347
263364
263335
263325
263300
263265
263246
263207
263238
263260
263277
263326
263299
263319
263337
263347
263371
263350
263302
264065
264052
263997
264082
264070
264073
264155
264181
264064
264038
264000
264001
263982
264012
263991
263980
264045
264054
264069
264077
264090
264102
264126
264248
264274
264556
264541
264468
264391
264466
264445
264485
264497
264475
264474
264349
264342
264362
264226
264253
264213
264236
264092
264036
264051
263951
263918
263915
263877
263826
264393
264354
264297
264166
264077
264014
263910
263992
264075
263854
263899
263803
263608
263567
263315
263212
263334
263179
263075
262983
262936
263005
263016
263192
262885
262775
263008
262989
263183
263369
263485
263630
263520
263467
263457
263274
263078
263049
263210
263170
263055
263002
262984
262860
263144
263495
263741
263772
264033
264127
265039
264992
265089
264999
264931
264949
264928
264639
264588
264438
264632
264555
264705
264938
265050
265278
265279
265202
265395
265633
265718
265706
265704
265681
265909
265968
266262
266692
266707
266515
266793
267024
267269
267555
267637
267547
267575
267531
267590
267765
267906
268038
268232
268193
267983
267984
267827
267586
267805
267473
266511
266459
266179
266398
266417
266134
265835
265148
265485
265443
265463
265073
264594
264597
264737
264980
265512
265335
265599
265272
265744
266135
266143
266461
266691
266371
267009
266707
266810
266768
267092
267148
267066
266910
266761
267300
267185
267280
267442
267656
267973
268300
268349
268481
268822
268695
268457
268421
268171
268316
268118
268170
267553
267282
266891
266966
266301
266338
266033
265770
265867
265638
264793
264616
264758
265124
265250
265376
265132
265252
265243
265425
265715
265616
265786
265055
265418
266241
266119
265679
265439
265741
265676
265164
264771
264160
263767
263592
263926
264015
264022
264972
265092
265582
266222
266840
267028
266993
267154
266978
266667
266491
266279
266252
265811
265488
265151
265367
265489
266488
267090
267399
267808
268196
268787
269191
269130
268974
269402
269221
269165
268407
268534
268354
268400
268594
268701
268816
268953
268827
268738
268627
268860
268999
268503
268463
267796
267155
266743
266269
265875
266109
266069
265808
265665
265423
264580
264600
263281
261098
257743
255777
253908
253164
250292
248346
247683
245180
243888
243028
241224
240130
240123
239689
233415
230573
226561
225143
224510
228519
232123
233445
240285
247499
250104
259358
265914
267541
269316
269717
269829
270194
270667
270642
270588
270429
269908
268937
268441
268394
267806
266743
266042
265640
265127
265005
264479
264095
263473
263455
262137
261345
260790
260081
259403
259167
259066
259058
258440
258428
258255
257519
256721
256696
255868
254854
254321
253655
252208
251732
251209
250555
250381
249864
250244
247485
248157
249446
250466
251963
252251
252365
252567
252493
252870
253408
254610
254448
253842
252789
253379
253882
247529
245903
243904
242926
242293
242381
243232
243373
239714
242309
243735
243987
244479
245510
246136
248701
249178
253626
256622
257513
262296
263347
264412
266561
267445
267691
268712
268895
268918
269228
268656
268925
269811
269660
270015
270249
270617
270682
270869
270840
270868
271279
271765
272013
272470
272435
272549
272375
272285
272111
272395
272342
272503
272379
272282
272194
272208
272104
272391
271890
272071
272055
271758
271993
271911
270845
269177
268263
267002
266014
265202
264868
264023
263780
263683
264000
264253
264759
265514
266315
267472
267611
267725
268394
268730
268912
269074
268504
268356
268427
268483
268181
267511
267396
267139
266821
267471
267617
267744
268005
267987
268528
268946
268715
268983
269040
268894
269139
268805
268824
269147
269224
269276
269754
269231
269268
268507
268121
268071
268135
268284
268338
268547
268668
268581
269387
269376
269612
270111
270134
270350
270407
270402
269724
269529
270217
270443
270033
269515
269300
268638
268215
268272
268139
268174
268552
268488
268796
268540
267784
267982
267883
267449
267474
267666
267140
266880
266956
266767
266671
266911
267632
267893
268202
268579
268174
268733
268820
268484
268971
269940
270380
270495
270990
271597
272009
272535
272791
272947
273050
273156
273292
273025
272371
272262
271879
271848
271491
271200
270491
270145
269771
269023
266882
264896
262960
261883
261179
258857
258420
256705
255647
254912
253638
251951
251198
250190
249629
243429
242689
243080
243782
244785
246008
245765
246336
247120
246887
247761
248134
248062
248186
249050
248839
251551
254201
255185
260173
261558
261910
261724
261829
262490
267552
268181
268493
269316
269539
269545
270091
270498
270550
271331
270745
270546
270275
269893
269661
269596
269424
269252
269631
270534
270488
269532
269717
269523
269428
269503
268850
267743
267147
266855
252441
244935
242204
234827
201540
191489
176951
165475
161887
153520
128663
123394
118148
113734
111118
106856
101549
99184
94895
90637
82329
79496
77447
75661
72966
70030
68981
66105
64279
64157
61806
57890
56645
53604
49120
47732
41867
36982
36261
33508
30326
28730
26004
24256
23787
18488
17772
17485
17596
17577
17522
17069
16934
16554
16281
16211
16121
15896
15739
15549
15389
15089
14899
14595
14392
14119
14086
14021
14076
13999
14048
13933
13930
14044
13994
13853
13846
13752
13717
13748
13692
13697
13807
13742
14579
14599
14624
14552
14576
14600
14583
14504
14461
14572
14623
14656
14696
14758
14686
14737
14730
14756
14781
14842
14770
14867
14881
14989
14944
14855
14883
14903
14831
14994
14956
14915
14964
14836
14821
14775
14856
14877
14864
14781
14791
14685
14636
14641
14621
14584
14607
14519
14599
14605
13576
13600
13660
13628
13629
13661
13756
13774
13784
13760
13701
13576
13610
13642
13703
13978
14359
14578
14997
15705
16002
16731
17331
17649
18164
18321
18096
18078
17904
17686
17477
17156
17027
18519
20829
22076
24540
26776
27607
28215
28729
29095
30463
32754
33963
36981
39921
41749
44657
51884
52600
53779
64792
66288
70060
89303
92835
100098
109039
112228
118003
123771
126519
130594
132859
134315
135494
136602
138018
138750
139828
140756
125434
111166
105687
77038
67672
64741
59864
54612
51524
42300
38418
38098
37755
38028
36919
37484
39250
39757
41441
43053
44094
46907
48222
49131
50976
52959
53927
54663
54727
55284
56373
56372
56553
57135
58183
57955
57916
58992
59454
59494
60833
60820
61190
61108
60611
59070
57309
57111
55555
54873
54204
52276
50513
49506
47634
44496
43177
40458
36957
35716
31651
27209
25534
24974
23763
23329
22599
22735
22308
21502
20199
19716
19095
18613
18803
19108
19629
19853
20108
20171
20151
20301
20477
20705
20677
20905
21008
21042
20908
21079
22360
24927
26525
29292
33567
36085
40314
43743
45631
50360
54972
57474
62658
72628
74171
79235
83166
87910
93194
99345
102575
108267
115551
118979
126027
133275
136537
142216
148790
151257
155080
158701
159897
163178
166072
168365
171638
172232
176824
177268
161688
158996
152934
134877
131806
128433
115935
114788
112411
108918
108175
105019
102736
102384
98249
94881
93936
91618
89965
88148
84672
81935
81238
74722
74286
73916
70870
67503
65786
61180
58036
55292
50818
46309
43546
37281
30056
27792
21796
17149
15806
14493
14114
14051
14233
14730
15015
15659
16077
16153
16117
16124
16014
15873
15613
15501
15307
15106
15142
15247
15184
15203
15193
15128
15034
14948
14912
14991
15019
15009
15017
15032
15027
14456
14204
14121
13988
13982
13987
14166
14136
14217
14190
14179
14199
14220
14316
14303
14355
14388
14358
14416
14394
14407
14404
14371
14448
14472
14866
14807
14829
14700
14686
14716
14693
14691
14728
14833
14798
14178
14064
14102
14086
13998
14071
14134
14206
14229
14254
14202
14224
14203
14226
14288
14389
14424
14347
14324
14346
14382
14369
14384
14451
14488
15122
15082
15032
14943
14637
14504
14500
14530
14505
14463
14506
14356
14398
14356
14321
14318
14409
14464
14436
14478
14457
14477
14420
14398
14404
14003
14188
14164
14251
14213
14172
14191
14188
14205
14189
14225
14428
14453
16037
17013
19239
21538
22817
25064
27363
28359
30067
32613
33213
35466
37840
38837
40319
41227
42195
43568
44573
45033
45337
46376
46928
48276
49074
49053
49346
49975
50220
50752
52525
53917
56831
61313
63727
68436
73520
79304
84021
94260
96704
103619
110477
113488
118559
139366
144278
154370
161973
166907
173332
179872
181934
186224
189871
191769
193981
196173
196442
198306
199455
200554
216222
216577
216398
216950
217195
217213
217659
217969
218739
219030
219584
220610
221741
222992
223042
224233
225088
225120
226480
227158
226792
226886
226753
225432
225650
211163
211818
213216
213534
213507
213617
213489
213245
213597
214366
214068
214339
214742
214877
215020
215456
216269
217104
201965
196121
189834
185553
183113
163224
153052
138773
139404
139792
140391
139743
140114
140270
140571
141141
140720
140745
140715
140535
139296
139151
139440
139651
141514
142470
144051
145936
146640
148126
149643
150351
152316
153881
154804
155644
156596
156605
155709
154008
153677
151200
150390
149728
148355
146352
146057
144263
143419
142731
141422
141336
141189
140744
141446
141943
143134
142976
143944
145562
147714
148629
150995
152580
152903
154182
154825
155105
157156
159247
160467
162189
165400
167353
170235
173227
174900
177804
179767
180765
183376
185057
188187
189431
190493
190554
191275
191715
192361
193339
194065
194405
194965
195749
196202
196935
197271
197151
197094
198049
198907
199906
201049
201802
202078
202731
203401
210758
211056
211168
211364
210955
210741
210411
210313
210669
211546
212125
212644
213733
214804
215145
215623
215704
215661
216106
216138
216125
216537
216810
217183
217876
227174
227365
229592
231414
237034
244499
248872
252267
255054
256475
256532
257862
259037
259832
260609
261107
261480
262484
262458
262751
262994
263135
263387
263360
264162
266296
266644
266915
266878
266963
267034
266876
267008
266976
267161
267209
267290
267322
267332
267579
267667
267502
267402
267407
267285
267349
267312
267257
267292
267164
266854
266862
266813
266808
266756
266700
266697
266679
266661
266621
266603
266521
266641
266571
266596
266535
266470
266589
266491
266537
266488
266345
266276
266282
266074
265882
265818
265716
265851
265961
265876
266003
266045
265941
266038
266084
266094
266029
265935
265938
266003
266008
266063
266094
266243
266206
266263
266341
266320
266355
266656
266766
266686
266662
266817
266869
266834
266864
266759
266650
266640
266630
266509
266622
266703
266621
266508
266473
266543
266419
266333
266355
266411
266463
266428
265969
265922
265959
265946
265970
266063
266082
266073
266034
265944
266043
266072
265919
266003
266012
266006
266118
266092
266091
266167
266166
266271
266407
266406
266427
266669
266642
266609
266638
266643
266610
266583
266576
266267
266314
266286
266308
266243
266274
266320
266397
266402
266379
266383
266332
266399
266341
266320
266338
266357
266611
266474
266566
266615
266511
266535
266543
266533
266621
266630
266656
266679
266666
266659
266578
266638
266618
266640
266588
266616
266550
266640
266617
266617
266712
266277
266304
266273
266466
266369
266371
266096
266026
266093
265996
266058
266017
265994
265972
265980
265824
265671
265506
265305
265320
265305
265362
265309
265266
265241
263929
263960
263909
263908
263912
263991
263991
264017
264023
263938
263974
263867
263832
263788
263738
263785
263837
263835
